{
 "cells": [
  {
   "cell_type": "code",
   "execution_count": 1,
   "id": "04d5a05b-596c-4540-9cd7-ade15356f950",
   "metadata": {},
   "outputs": [
    {
     "name": "stdout",
     "output_type": "stream",
     "text": [
      "Sorted CM\n",
      "<class 'ase.atoms.Atoms'>\n",
      "Flattened shape of the sorted CM (121,)\n",
      "[73.51669472 18.03272067 33.40883844 19.4960174  33.53454721  1.8825876\n",
      "  3.69094531  3.17177624  2.58945169  3.70840617  3.70965431 18.03272067\n",
      " 73.51669472 20.20185564 33.74806776 12.75390244  8.22822194  3.28646884\n",
      "  3.89963397  3.91033081  1.93682077  1.7759813  33.40883844 20.20185564\n",
      " 36.8581052  24.14447266 23.86856045  1.87332169  5.54870615  2.79606839\n",
      "  2.80428398  2.67316935  2.6864429  19.4960174  33.74806776 24.14447266\n",
      " 36.8581052  13.79245191  3.09339002  2.76091578  5.48019693  5.48239862\n",
      "  2.12427327  1.69915896 33.53454721 12.75390244 23.86856045 13.79245191\n",
      " 36.8581052   1.33176393  2.67711787  1.94743408  2.16346297  5.543068\n",
      "  5.5408146   1.8825876   8.22822194  1.87332169  3.09339002  1.33176393\n",
      "  0.5         0.29493181  0.45061053  0.4321271   0.21223769  0.18751068\n",
      "  3.69094531  3.28646884  5.54870615  2.76091578  2.67711787  0.29493181\n",
      "  0.5         0.34143882  0.34773764  0.31882871  0.39331628  3.17177624\n",
      "  3.89963397  2.79606839  5.48019693  1.94743408  0.45061053  0.34143882\n",
      "  0.5         0.56121416  0.31362393  0.24372906  2.58945169  3.91033081\n",
      "  2.80428398  5.48239862  2.16346297  0.4321271   0.34773764  0.56121416\n",
      "  0.5         0.38258942  0.27173076  3.70840617  1.93682077  2.67316935\n",
      "  2.12427327  5.543068    0.21223769  0.31882871  0.31362393  0.38258942\n",
      "  0.5         0.54855262  3.70965431  1.7759813   2.6864429   1.69915896\n",
      "  5.5408146   0.18751068  0.39331628  0.24372906  0.27173076  0.54855262\n",
      "  0.5       ]\n",
      "\n",
      "Unsorted CM\n",
      "Flattened shape of the unsorted CM (121,)\n",
      "[ 0.5         8.22822194  0.4321271   3.09339002  0.29493181  0.45061053\n",
      "  1.87332169  0.21223769  1.33176393  0.18751068  1.8825876   8.22822194\n",
      " 73.51669472  3.91033081 33.74806776  3.28646884  3.89963397 20.20185564\n",
      "  1.93682077 12.75390244  1.7759813  18.03272067  0.4321271   3.91033081\n",
      "  0.5         5.48239862  0.34773764  0.56121416  2.80428398  0.38258942\n",
      "  2.16346297  0.27173076  2.58945169  3.09339002 33.74806776  5.48239862\n",
      " 36.8581052   2.76091578  5.48019693 24.14447266  2.12427327 13.79245191\n",
      "  1.69915896 19.4960174   0.29493181  3.28646884  0.34773764  2.76091578\n",
      "  0.5         0.34143882  5.54870615  0.31882871  2.67711787  0.39331628\n",
      "  3.69094531  0.45061053  3.89963397  0.56121416  5.48019693  0.34143882\n",
      "  0.5         2.79606839  0.31362393  1.94743408  0.24372906  3.17177624\n",
      "  1.87332169 20.20185564  2.80428398 24.14447266  5.54870615  2.79606839\n",
      " 36.8581052   2.67316935 23.86856045  2.6864429  33.40883844  0.21223769\n",
      "  1.93682077  0.38258942  2.12427327  0.31882871  0.31362393  2.67316935\n",
      "  0.5         5.543068    0.54855262  3.70840617  1.33176393 12.75390244\n",
      "  2.16346297 13.79245191  2.67711787  1.94743408 23.86856045  5.543068\n",
      " 36.8581052   5.5408146  33.53454721  0.18751068  1.7759813   0.27173076\n",
      "  1.69915896  0.39331628  0.24372906  2.6864429   0.54855262  5.5408146\n",
      "  0.5         3.70965431  1.8825876  18.03272067  2.58945169 19.4960174\n",
      "  3.69094531  3.17177624 33.40883844  3.70840617 33.53454721  3.70965431\n",
      " 73.51669472]\n",
      "\n",
      "Eigenspectrum\n",
      "Flattened shape of the eigenspectrum (11,)\n",
      "[ 1.50420097e+02  6.50935856e+01  2.16843512e+01  1.68204897e+01\n",
      "  8.95434074e+00 -8.63831577e-01 -6.99379934e-01 -3.84121182e-01\n",
      " -2.99397109e-01 -8.15257598e-02 -3.69031918e-02]\n",
      "\n",
      "Randomly sorted CM\n",
      "Flattened shape of the randomly sorted CM (121,)\n",
      "[73.51669472 18.03272067 33.40883844 19.4960174  33.53454721  1.8825876\n",
      "  3.69094531  3.17177624  2.58945169  3.70840617  3.70965431 18.03272067\n",
      " 73.51669472 20.20185564 33.74806776 12.75390244  8.22822194  3.28646884\n",
      "  3.89963397  3.91033081  1.93682077  1.7759813  33.40883844 20.20185564\n",
      " 36.8581052  24.14447266 23.86856045  1.87332169  5.54870615  2.79606839\n",
      "  2.80428398  2.67316935  2.6864429  19.4960174  33.74806776 24.14447266\n",
      " 36.8581052  13.79245191  3.09339002  2.76091578  5.48019693  5.48239862\n",
      "  2.12427327  1.69915896 33.53454721 12.75390244 23.86856045 13.79245191\n",
      " 36.8581052   1.33176393  2.67711787  1.94743408  2.16346297  5.543068\n",
      "  5.5408146   1.8825876   8.22822194  1.87332169  3.09339002  1.33176393\n",
      "  0.5         0.29493181  0.45061053  0.4321271   0.21223769  0.18751068\n",
      "  3.69094531  3.28646884  5.54870615  2.76091578  2.67711787  0.29493181\n",
      "  0.5         0.34143882  0.34773764  0.31882871  0.39331628  3.17177624\n",
      "  3.89963397  2.79606839  5.48019693  1.94743408  0.45061053  0.34143882\n",
      "  0.5         0.56121416  0.31362393  0.24372906  2.58945169  3.91033081\n",
      "  2.80428398  5.48239862  2.16346297  0.4321271   0.34773764  0.56121416\n",
      "  0.5         0.38258942  0.27173076  3.70840617  1.93682077  2.67316935\n",
      "  2.12427327  5.543068    0.21223769  0.31882871  0.31362393  0.38258942\n",
      "  0.5         0.54855262  3.70965431  1.7759813   2.6864429   1.69915896\n",
      "  5.5408146   0.18751068  0.39331628  0.24372906  0.27173076  0.54855262\n",
      "  0.5       ]\n"
     ]
    }
   ],
   "source": [
    "# An example of how to generate a Coulomb matrices (CM)\n",
    "# for glycidol using DScribe and Atomic Simulation Environment (ASE)\n",
    "# \n",
    "import pandas as pd\n",
    "import seaborn as sns\n",
    "import numpy as np\n",
    "import matplotlib.pyplot as plt\n",
    "from dscribe.descriptors import CoulombMatrix\n",
    "from ase.build import molecule\n",
    "from ase.io import read\n",
    "# This code block shows the default parameters for generating CMs \n",
    "# in DScribe. By default, a sorted CM is generate with L2-norm \n",
    "# sorted rows and columns. n_atoms_max is a parameter that helps\n",
    "# with padding, for one molecule it is the number of atoms in \n",
    "# the molecule.\n",
    "print('Sorted CM')\n",
    "cm = CoulombMatrix(n_atoms_max=11)\n",
    "\n",
    "# Generate the ethanol molecule using ASE\n",
    "\n",
    "mol = read('../glycidol.xyz')\n",
    "print(type(mol))\n",
    "\n",
    "# Create CM output for the system\n",
    "cm_mol = cm.create(mol)\n",
    "\n",
    "# Print the sorted CM and it's corresponding shape\n",
    "print(\"Flattened shape of the sorted CM\", cm_mol.shape)\n",
    "print(cm_mol)\n",
    "\n",
    "# Set the parameters, sigma and seed, of the unsorted CM\n",
    "print('\\nUnsorted CM')\n",
    "cm_unsrtd=CoulombMatrix(n_atoms_max=11,permutation='none')\n",
    "\n",
    "# Generate the unsorted CM for mol\n",
    "cm_unsrtd_mol = cm_unsrtd.create(mol)\n",
    "\n",
    "# Print the unsorted CM and it's corresponding shape\n",
    "print(\"Flattened shape of the unsorted CM\", cm_unsrtd_mol.shape)\n",
    "print(cm_unsrtd_mol)\n",
    "\n",
    "# Set the parameters of the eigenspectrum representation\n",
    "print('\\nEigenspectrum')\n",
    "cm_eigen=CoulombMatrix(n_atoms_max=11,permutation='eigenspectrum')\n",
    "\n",
    "# Generate the eigenspectrum representation of the CM\n",
    "cm_eigen_mol = cm_eigen.create(mol)\n",
    "\n",
    "# Print the eigenspectrum and it's corresponding shape\n",
    "print(\"Flattened shape of the eigenspectrum\", cm_eigen_mol.shape)\n",
    "print(cm_eigen_mol)\n",
    "\n",
    "# Set the parameters, sigma and seed, of the randomly sorted CM\n",
    "# Examine how sigma effects the sorting of the randomly sorted CM\n",
    "print('\\nRandomly sorted CM')\n",
    "cm_random=CoulombMatrix(n_atoms_max=11,permutation='random',\n",
    "                        sigma=1e-3,seed=42)\n",
    "\n",
    "# Generate the randomly sorted CM for mol\n",
    "cm_random_mol = cm_random.create(mol)\n",
    "\n",
    "# Print the randomly sorted CM and it's corresponding shape\n",
    "print(\"Flattened shape of the randomly sorted CM\", \n",
    "      cm_random_mol.shape)\n",
    "print(cm_random_mol)"
   ]
  },
  {
   "cell_type": "code",
   "execution_count": null,
   "id": "678f4f34-51fe-4cd8-9ec2-5cbdc8a3355b",
   "metadata": {},
   "outputs": [],
   "source": []
  },
  {
   "cell_type": "code",
   "execution_count": 2,
   "id": "369b144b-0c7d-48d9-ba81-985702bccea3",
   "metadata": {},
   "outputs": [
    {
     "name": "stdout",
     "output_type": "stream",
     "text": [
      "['H', 'O', 'H', 'C', 'H', 'H', 'C', 'H', 'C', 'H', 'O']\n",
      "Double check ordering Atoms(symbols='HOHCH2CHCHO', pbc=False)\n"
     ]
    }
   ],
   "source": [
    "# Generate the unsorted CM of glycidol using a seaborn heatmap\n",
    "print(mol.get_chemical_symbols())\n",
    "print(\"Double check ordering\", mol)\n",
    "ds_CMdf=pd.DataFrame(cm_unsrtd_mol.reshape(11,11),columns=mol.get_chemical_symbols(),index=mol.get_chemical_symbols())\n",
    "srted_ds_CMdf=ds_CMdf.loc[['O', 'C','H'],['O', 'C','H']]"
   ]
  },
  {
   "cell_type": "code",
   "execution_count": 3,
   "id": "ab8db5d0-17b6-41b7-8496-ea0fe597fa7f",
   "metadata": {},
   "outputs": [
    {
     "data": {
      "text/html": [
       "<div>\n",
       "<style scoped>\n",
       "    .dataframe tbody tr th:only-of-type {\n",
       "        vertical-align: middle;\n",
       "    }\n",
       "\n",
       "    .dataframe tbody tr th {\n",
       "        vertical-align: top;\n",
       "    }\n",
       "\n",
       "    .dataframe thead th {\n",
       "        text-align: right;\n",
       "    }\n",
       "</style>\n",
       "<table border=\"1\" class=\"dataframe\">\n",
       "  <thead>\n",
       "    <tr style=\"text-align: right;\">\n",
       "      <th></th>\n",
       "      <th>O</th>\n",
       "      <th>O</th>\n",
       "      <th>C</th>\n",
       "      <th>C</th>\n",
       "      <th>C</th>\n",
       "      <th>H</th>\n",
       "      <th>H</th>\n",
       "      <th>H</th>\n",
       "      <th>H</th>\n",
       "      <th>H</th>\n",
       "      <th>H</th>\n",
       "    </tr>\n",
       "  </thead>\n",
       "  <tbody>\n",
       "    <tr>\n",
       "      <th>O</th>\n",
       "      <td>73.516695</td>\n",
       "      <td>18.032721</td>\n",
       "      <td>33.748068</td>\n",
       "      <td>20.201856</td>\n",
       "      <td>12.753902</td>\n",
       "      <td>8.228222</td>\n",
       "      <td>3.910331</td>\n",
       "      <td>3.286469</td>\n",
       "      <td>3.899634</td>\n",
       "      <td>1.936821</td>\n",
       "      <td>1.775981</td>\n",
       "    </tr>\n",
       "    <tr>\n",
       "      <th>O</th>\n",
       "      <td>18.032721</td>\n",
       "      <td>73.516695</td>\n",
       "      <td>19.496017</td>\n",
       "      <td>33.408838</td>\n",
       "      <td>33.534547</td>\n",
       "      <td>1.882588</td>\n",
       "      <td>2.589452</td>\n",
       "      <td>3.690945</td>\n",
       "      <td>3.171776</td>\n",
       "      <td>3.708406</td>\n",
       "      <td>3.709654</td>\n",
       "    </tr>\n",
       "    <tr>\n",
       "      <th>C</th>\n",
       "      <td>33.748068</td>\n",
       "      <td>19.496017</td>\n",
       "      <td>36.858105</td>\n",
       "      <td>24.144473</td>\n",
       "      <td>13.792452</td>\n",
       "      <td>3.093390</td>\n",
       "      <td>5.482399</td>\n",
       "      <td>2.760916</td>\n",
       "      <td>5.480197</td>\n",
       "      <td>2.124273</td>\n",
       "      <td>1.699159</td>\n",
       "    </tr>\n",
       "    <tr>\n",
       "      <th>C</th>\n",
       "      <td>20.201856</td>\n",
       "      <td>33.408838</td>\n",
       "      <td>24.144473</td>\n",
       "      <td>36.858105</td>\n",
       "      <td>23.868560</td>\n",
       "      <td>1.873322</td>\n",
       "      <td>2.804284</td>\n",
       "      <td>5.548706</td>\n",
       "      <td>2.796068</td>\n",
       "      <td>2.673169</td>\n",
       "      <td>2.686443</td>\n",
       "    </tr>\n",
       "    <tr>\n",
       "      <th>C</th>\n",
       "      <td>12.753902</td>\n",
       "      <td>33.534547</td>\n",
       "      <td>13.792452</td>\n",
       "      <td>23.868560</td>\n",
       "      <td>36.858105</td>\n",
       "      <td>1.331764</td>\n",
       "      <td>2.163463</td>\n",
       "      <td>2.677118</td>\n",
       "      <td>1.947434</td>\n",
       "      <td>5.543068</td>\n",
       "      <td>5.540815</td>\n",
       "    </tr>\n",
       "    <tr>\n",
       "      <th>H</th>\n",
       "      <td>8.228222</td>\n",
       "      <td>1.882588</td>\n",
       "      <td>3.093390</td>\n",
       "      <td>1.873322</td>\n",
       "      <td>1.331764</td>\n",
       "      <td>0.500000</td>\n",
       "      <td>0.432127</td>\n",
       "      <td>0.294932</td>\n",
       "      <td>0.450611</td>\n",
       "      <td>0.212238</td>\n",
       "      <td>0.187511</td>\n",
       "    </tr>\n",
       "    <tr>\n",
       "      <th>H</th>\n",
       "      <td>3.910331</td>\n",
       "      <td>2.589452</td>\n",
       "      <td>5.482399</td>\n",
       "      <td>2.804284</td>\n",
       "      <td>2.163463</td>\n",
       "      <td>0.432127</td>\n",
       "      <td>0.500000</td>\n",
       "      <td>0.347738</td>\n",
       "      <td>0.561214</td>\n",
       "      <td>0.382589</td>\n",
       "      <td>0.271731</td>\n",
       "    </tr>\n",
       "    <tr>\n",
       "      <th>H</th>\n",
       "      <td>3.286469</td>\n",
       "      <td>3.690945</td>\n",
       "      <td>2.760916</td>\n",
       "      <td>5.548706</td>\n",
       "      <td>2.677118</td>\n",
       "      <td>0.294932</td>\n",
       "      <td>0.347738</td>\n",
       "      <td>0.500000</td>\n",
       "      <td>0.341439</td>\n",
       "      <td>0.318829</td>\n",
       "      <td>0.393316</td>\n",
       "    </tr>\n",
       "    <tr>\n",
       "      <th>H</th>\n",
       "      <td>3.899634</td>\n",
       "      <td>3.171776</td>\n",
       "      <td>5.480197</td>\n",
       "      <td>2.796068</td>\n",
       "      <td>1.947434</td>\n",
       "      <td>0.450611</td>\n",
       "      <td>0.561214</td>\n",
       "      <td>0.341439</td>\n",
       "      <td>0.500000</td>\n",
       "      <td>0.313624</td>\n",
       "      <td>0.243729</td>\n",
       "    </tr>\n",
       "    <tr>\n",
       "      <th>H</th>\n",
       "      <td>1.936821</td>\n",
       "      <td>3.708406</td>\n",
       "      <td>2.124273</td>\n",
       "      <td>2.673169</td>\n",
       "      <td>5.543068</td>\n",
       "      <td>0.212238</td>\n",
       "      <td>0.382589</td>\n",
       "      <td>0.318829</td>\n",
       "      <td>0.313624</td>\n",
       "      <td>0.500000</td>\n",
       "      <td>0.548553</td>\n",
       "    </tr>\n",
       "    <tr>\n",
       "      <th>H</th>\n",
       "      <td>1.775981</td>\n",
       "      <td>3.709654</td>\n",
       "      <td>1.699159</td>\n",
       "      <td>2.686443</td>\n",
       "      <td>5.540815</td>\n",
       "      <td>0.187511</td>\n",
       "      <td>0.271731</td>\n",
       "      <td>0.393316</td>\n",
       "      <td>0.243729</td>\n",
       "      <td>0.548553</td>\n",
       "      <td>0.500000</td>\n",
       "    </tr>\n",
       "  </tbody>\n",
       "</table>\n",
       "</div>"
      ],
      "text/plain": [
       "           O          O          C          C          C         H         H  \\\n",
       "O  73.516695  18.032721  33.748068  20.201856  12.753902  8.228222  3.910331   \n",
       "O  18.032721  73.516695  19.496017  33.408838  33.534547  1.882588  2.589452   \n",
       "C  33.748068  19.496017  36.858105  24.144473  13.792452  3.093390  5.482399   \n",
       "C  20.201856  33.408838  24.144473  36.858105  23.868560  1.873322  2.804284   \n",
       "C  12.753902  33.534547  13.792452  23.868560  36.858105  1.331764  2.163463   \n",
       "H   8.228222   1.882588   3.093390   1.873322   1.331764  0.500000  0.432127   \n",
       "H   3.910331   2.589452   5.482399   2.804284   2.163463  0.432127  0.500000   \n",
       "H   3.286469   3.690945   2.760916   5.548706   2.677118  0.294932  0.347738   \n",
       "H   3.899634   3.171776   5.480197   2.796068   1.947434  0.450611  0.561214   \n",
       "H   1.936821   3.708406   2.124273   2.673169   5.543068  0.212238  0.382589   \n",
       "H   1.775981   3.709654   1.699159   2.686443   5.540815  0.187511  0.271731   \n",
       "\n",
       "          H         H         H         H  \n",
       "O  3.286469  3.899634  1.936821  1.775981  \n",
       "O  3.690945  3.171776  3.708406  3.709654  \n",
       "C  2.760916  5.480197  2.124273  1.699159  \n",
       "C  5.548706  2.796068  2.673169  2.686443  \n",
       "C  2.677118  1.947434  5.543068  5.540815  \n",
       "H  0.294932  0.450611  0.212238  0.187511  \n",
       "H  0.347738  0.561214  0.382589  0.271731  \n",
       "H  0.500000  0.341439  0.318829  0.393316  \n",
       "H  0.341439  0.500000  0.313624  0.243729  \n",
       "H  0.318829  0.313624  0.500000  0.548553  \n",
       "H  0.393316  0.243729  0.548553  0.500000  "
      ]
     },
     "execution_count": 3,
     "metadata": {},
     "output_type": "execute_result"
    }
   ],
   "source": [
    "srted_ds_CMdf"
   ]
  },
  {
   "cell_type": "code",
   "execution_count": 4,
   "id": "d985b1d5-2bc4-4eda-b394-e080f7f573e9",
   "metadata": {},
   "outputs": [],
   "source": [
    "cm_1 = srted_ds_CMdf.to_numpy().reshape(11,11)\n",
    "row_norm = np.array(sorted([(np.linalg.norm(i),idx) for idx,i in enumerate(cm_1)],reverse=True))[:,1].astype(int)\n",
    "column_norm = np.array(sorted([(np.linalg.norm(i),idx) for idx,i in enumerate(cm_1[row_norm].T)],reverse=True))[:,1].astype(int)\n",
    "mysrt=cm_1[row_norm][column_norm]"
   ]
  },
  {
   "cell_type": "code",
   "execution_count": null,
   "id": "715ce971-3b0e-4b83-b499-d477d488f070",
   "metadata": {},
   "outputs": [],
   "source": []
  },
  {
   "cell_type": "code",
   "execution_count": 5,
   "id": "2cd542b7-c7a4-42d3-8f03-656e4e68b692",
   "metadata": {},
   "outputs": [
    {
     "data": {
      "text/plain": [
       "array([[ True,  True, False, False, False, False, False, False, False,\n",
       "        False, False],\n",
       "       [ True,  True, False, False, False, False, False, False, False,\n",
       "        False, False],\n",
       "       [False, False,  True,  True, False, False, False, False, False,\n",
       "        False, False],\n",
       "       [False, False,  True,  True, False, False, False, False, False,\n",
       "        False, False],\n",
       "       [False, False, False, False,  True,  True, False, False, False,\n",
       "         True,  True],\n",
       "       [False, False, False, False,  True,  True, False, False, False,\n",
       "         True,  True],\n",
       "       [False, False, False, False, False, False, False,  True, False,\n",
       "        False, False],\n",
       "       [False, False, False, False, False, False, False, False,  True,\n",
       "        False, False],\n",
       "       [False, False, False, False, False, False,  True, False, False,\n",
       "        False, False],\n",
       "       [False, False, False, False,  True,  True, False, False, False,\n",
       "         True,  True],\n",
       "       [False, False, False, False,  True,  True, False, False, False,\n",
       "         True,  True]])"
      ]
     },
     "execution_count": 5,
     "metadata": {},
     "output_type": "execute_result"
    }
   ],
   "source": [
    "mysrt == cm_mol.reshape(11,11)"
   ]
  },
  {
   "cell_type": "code",
   "execution_count": 6,
   "id": "2047e19a-4ddd-49d3-88b0-c60c1709e045",
   "metadata": {},
   "outputs": [
    {
     "data": {
      "text/plain": [
       "array([[ True,  True,  True,  True,  True,  True,  True,  True,  True,\n",
       "         True,  True],\n",
       "       [ True,  True,  True,  True,  True,  True,  True,  True,  True,\n",
       "         True,  True],\n",
       "       [ True,  True,  True,  True,  True,  True,  True,  True,  True,\n",
       "         True,  True],\n",
       "       [ True,  True,  True,  True,  True,  True,  True,  True,  True,\n",
       "         True,  True],\n",
       "       [ True,  True,  True,  True,  True,  True,  True,  True,  True,\n",
       "         True,  True],\n",
       "       [ True,  True,  True,  True,  True,  True,  True,  True,  True,\n",
       "         True,  True],\n",
       "       [False, False, False, False, False, False, False, False, False,\n",
       "        False, False],\n",
       "       [False, False, False, False, False, False, False, False, False,\n",
       "        False, False],\n",
       "       [False, False, False, False, False, False, False, False, False,\n",
       "        False, False],\n",
       "       [ True,  True,  True,  True,  True,  True,  True,  True,  True,\n",
       "         True,  True],\n",
       "       [ True,  True,  True,  True,  True,  True,  True,  True,  True,\n",
       "         True,  True]])"
      ]
     },
     "execution_count": 6,
     "metadata": {},
     "output_type": "execute_result"
    }
   ],
   "source": [
    "srted_ds_CMdf.to_numpy()==mysrt"
   ]
  },
  {
   "cell_type": "code",
   "execution_count": 7,
   "id": "cc3b5872-b908-481c-9364-13cf815849d3",
   "metadata": {},
   "outputs": [
    {
     "data": {
